# Created by Octave 6.2.0, Tue Nov 22 15:55:12 2022 CST <carlosjmontalvo@penguin>
# name: coefs
# type: struct
# ndims: 2
 1 25
# length: 5
# name: year
# type: cell
# rows: 1
# columns: 25
# name: <cell-element>
# type: scalar
1900



# name: <cell-element>
# type: scalar
1905



# name: <cell-element>
# type: scalar
1910



# name: <cell-element>
# type: scalar
1915



# name: <cell-element>
# type: scalar
1920



# name: <cell-element>
# type: scalar
1925



# name: <cell-element>
# type: scalar
1930



# name: <cell-element>
# type: scalar
1935



# name: <cell-element>
# type: scalar
1940



# name: <cell-element>
# type: scalar
1945



# name: <cell-element>
# type: scalar
1950



# name: <cell-element>
# type: scalar
1955



# name: <cell-element>
# type: scalar
1960



# name: <cell-element>
# type: scalar
1965



# name: <cell-element>
# type: scalar
1970



# name: <cell-element>
# type: scalar
1975



# name: <cell-element>
# type: scalar
1980



# name: <cell-element>
# type: scalar
1985



# name: <cell-element>
# type: scalar
1990



# name: <cell-element>
# type: scalar
1995



# name: <cell-element>
# type: scalar
2000



# name: <cell-element>
# type: scalar
2005



# name: <cell-element>
# type: scalar
2010



# name: <cell-element>
# type: scalar
2015



# name: <cell-element>
# type: scalar
2020





# name: g
# type: cell
# rows: 1
# columns: 25
# name: <cell-element>
# type: matrix
# rows: 10
# columns: 11
 -31543 -2298 0 0 0 0 0 0 0 0 0
 -677 2905 924 0 0 0 0 0 0 0 0
 1022 -1469 1256 572 0 0 0 0 0 0 0
 876 628 660 -361 134 0 0 0 0 0 0
 -184 328 264 5 -86 -16 0 0 0 0 0
 63 61 -11 -217 -58 59 -90 0 0 0 0
 70 -55 0 34 -41 -21 18 6 0 0 0
 11 8 -4 -9 1 2 -9 5 8 0 0
 8 10 1 -11 12 1 -2 2 -1 -1 0
 -3 -4 2 -5 -2 6 4 0 2 2 0



# name: <cell-element>
# type: matrix
# rows: 10
# columns: 11
 -31464 -2298 0 0 0 0 0 0 0 0 0
 -728 2928 1041 0 0 0 0 0 0 0 0
 1037 -1494 1239 635 0 0 0 0 0 0 0
 880 643 653 -380 146 0 0 0 0 0 0
 -192 328 259 -1 -93 -26 0 0 0 0 0
 62 60 -11 -221 -57 57 -92 0 0 0 0
 70 -54 0 33 -41 -20 18 6 0 0 0
 11 8 -4 -9 1 2 -8 5 8 0 0
 8 10 1 -11 12 1 -2 2 0 -1 0
 -3 -4 2 -5 -2 6 4 0 2 2 0



# name: <cell-element>
# type: matrix
# rows: 10
# columns: 11
 -31354 -2297 0 0 0 0 0 0 0 0 0
 -769 2948 1176 0 0 0 0 0 0 0 0
 1058 -1524 1223 705 0 0 0 0 0 0 0
 884 660 644 -400 160 0 0 0 0 0 0
 -201 327 253 -9 -102 -38 0 0 0 0 0
 62 58 -11 -224 -54 54 -95 0 0 0 0
 71 -54 1 32 -40 -19 18 6 0 0 0
 11 8 -4 -9 1 2 -8 5 8 0 0
 8 10 1 -11 12 1 -2 2 0 -1 0
 -3 -4 2 -5 -2 6 4 0 2 2 0



# name: <cell-element>
# type: matrix
# rows: 10
# columns: 11
 -31212 -2306 0 0 0 0 0 0 0 0 0
 -802 2956 1309 0 0 0 0 0 0 0 0
 1084 -1559 1212 778 0 0 0 0 0 0 0
 887 678 631 -416 178 0 0 0 0 0 0
 -211 327 245 -16 -111 -51 0 0 0 0 0
 61 57 -10 -228 -51 49 -98 0 0 0 0
 72 -54 2 31 -38 -18 19 6 0 0 0
 11 8 -4 -9 2 3 -8 6 8 0 0
 8 10 1 -11 12 1 -2 2 0 -1 0
 -3 -4 2 -5 -2 6 4 0 1 2 0



# name: <cell-element>
# type: matrix
# rows: 10
# columns: 11
 -31060 -2317 0 0 0 0 0 0 0 0 0
 -839 2959 1407 0 0 0 0 0 0 0 0
 1111 -1600 1205 839 0 0 0 0 0 0 0
 889 695 616 -424 199 0 0 0 0 0 0
 -221 326 236 -23 -119 -62 0 0 0 0 0
 61 55 -10 -233 -46 44 -101 0 0 0 0
 73 -54 2 29 -37 -16 19 6 0 0 0
 11 7 -3 -9 2 4 -7 6 8 0 0
 8 10 1 -11 12 1 -2 2 0 -1 0
 -3 -4 2 -5 -2 6 4 0 1 3 0



# name: <cell-element>
# type: matrix
# rows: 10
# columns: 11
 -30926 -2318 0 0 0 0 0 0 0 0 0
 -893 2969 1471 0 0 0 0 0 0 0 0
 1140 -1645 1202 881 0 0 0 0 0 0 0
 891 711 601 -426 217 0 0 0 0 0 0
 -230 326 226 -28 -125 -69 0 0 0 0 0
 61 54 -9 -238 -40 39 -103 0 0 0 0
 73 -54 3 27 -35 -14 19 6 0 0 0
 11 7 -3 -9 2 4 -7 7 8 0 0
 8 10 1 -11 12 1 -2 2 0 -1 0
 -3 -4 2 -5 -2 6 4 0 1 3 0



# name: <cell-element>
# type: matrix
# rows: 10
# columns: 11
 -30805 -2316 0 0 0 0 0 0 0 0 0
 -951 2980 1517 0 0 0 0 0 0 0 0
 1172 -1692 1205 907 0 0 0 0 0 0 0
 896 727 584 -422 234 0 0 0 0 0 0
 -237 327 218 -32 -131 -74 0 0 0 0 0
 60 53 -9 -242 -32 32 -104 0 0 0 0
 74 -54 4 25 -34 -12 18 6 0 0 0
 11 7 -3 -9 2 5 -6 8 8 0 0
 8 10 1 -12 12 1 -2 3 0 -2 0
 -3 -4 2 -5 -2 6 4 0 1 3 0



# name: <cell-element>
# type: matrix
# rows: 10
# columns: 11
 -30715 -2306 0 0 0 0 0 0 0 0 0
 -1018 2984 1550 0 0 0 0 0 0 0 0
 1206 -1740 1215 918 0 0 0 0 0 0 0
 903 744 565 -415 249 0 0 0 0 0 0
 -241 329 211 -33 -136 -76 0 0 0 0 0
 59 53 -8 -246 -25 25 -106 0 0 0 0
 74 -53 4 23 -33 -11 18 6 0 0 0
 11 7 -3 -9 1 6 -6 8 7 0 0
 8 10 1 -12 11 1 -2 3 0 -2 0
 -3 -4 2 -5 -2 6 4 0 2 3 0



# name: <cell-element>
# type: matrix
# rows: 10
# columns: 11
 -30654 -2292 0 0 0 0 0 0 0 0 0
 -1106 2981 1566 0 0 0 0 0 0 0 0
 1240 -1790 1232 916 0 0 0 0 0 0 0
 914 762 550 -405 265 0 0 0 0 0 0
 -241 334 208 -33 -141 -76 0 0 0 0 0
 57 54 -7 -249 -18 18 -107 0 0 0 0
 74 -53 4 20 -31 -9 17 5 0 0 0
 11 7 -3 -10 1 6 -5 9 7 0 0
 8 10 1 -12 11 1 -2 3 1 -2 0
 -3 -4 2 -5 -2 6 4 0 2 3 0



# name: <cell-element>
# type: matrix
# rows: 10
# columns: 11
 -30594 -2285 0 0 0 0 0 0 0 0 0
 -1244 2990 1578 0 0 0 0 0 0 0 0
 1282 -1834 1255 913 0 0 0 0 0 0 0
 944 776 544 -421 304 0 0 0 0 0 0
 -253 346 194 -20 -142 -82 0 0 0 0 0
 59 57 6 -246 -25 21 -104 0 0 0 0
 70 -40 0 0 -29 -10 15 29 0 0 0
 13 7 -8 -5 9 7 -10 7 2 0 0
 5 -21 1 -11 3 16 -3 -4 -3 -4 0
 -3 11 1 2 -5 -1 8 -1 -3 5 -2



# name: <cell-element>
# type: matrix
# rows: 10
# columns: 11
 -30554 -2250 0 0 0 0 0 0 0 0 0
 -1341 2998 1576 0 0 0 0 0 0 0 0
 1297 -1889 1274 896 0 0 0 0 0 0 0
 954 792 528 -408 303 0 0 0 0 0 0
 -240 349 211 -20 -147 -76 0 0 0 0 0
 54 57 4 -247 -16 12 -105 0 0 0 0
 65 -55 2 1 -40 -7 5 19 0 0 0
 22 15 -4 -1 11 15 -13 5 -1 0 0
 3 -7 -1 -25 10 5 -5 -2 3 8 0
 -8 4 -1 13 -4 4 12 3 2 10 3



# name: <cell-element>
# type: matrix
# rows: 10
# columns: 11
 -30500 -2215 0 0 0 0 0 0 0 0 0
 -1440 3003 1581 0 0 0 0 0 0 0 0
 1302 -1944 1288 882 0 0 0 0 0 0 0
 958 796 510 -397 290 0 0 0 0 0 0
 -229 360 230 -23 -152 -69 0 0 0 0 0
 47 57 3 -247 -8 7 -107 0 0 0 0
 65 -56 2 10 -32 -11 9 18 0 0 0
 11 9 -6 -14 6 10 -7 6 9 0 0
 4 9 -4 -5 2 4 1 2 2 5 0
 -3 -5 -1 2 -3 7 4 -2 6 -2 0



# name: <cell-element>
# type: matrix
# rows: 10
# columns: 11
 -30421 -2169 0 0 0 0 0 0 0 0 0
 -1555 3002 1590 0 0 0 0 0 0 0 0
 1302 -1992 1289 878 0 0 0 0 0 0 0
 957 800 504 -394 269 0 0 0 0 0 0
 -222 362 242 -26 -156 -63 0 0 0 0 0
 46 58 1 -237 -1 -2 -113 0 0 0 0
 67 -56 5 15 -32 -7 17 8 0 0 0
 15 6 -4 -11 2 10 -5 10 8 0 0
 4 6 0 -9 1 4 -1 -2 3 -1 0
 1 -3 4 0 -1 4 6 1 -1 2 0



# name: <cell-element>
# type: matrix
# rows: 10
# columns: 11
 -30334 -2119 0 0 0 0 0 0 0 0 0
 -1662 2997 1594 0 0 0 0 0 0 0 0
 1297 -2038 1292 856 0 0 0 0 0 0 0
 957 804 479 -390 252 0 0 0 0 0 0
 -219 358 254 -31 -157 -62 0 0 0 0 0
 45 61 8 -228 4 1 -111 0 0 0 0
 75 -57 4 13 -26 -6 13 1 0 0 0
 13 5 -4 -14 0 8 -1 11 4 0 0
 8 10 2 -13 10 -1 -1 5 1 -2 0
 -2 -3 2 -5 -2 4 4 0 2 2 0



# name: <cell-element>
# type: matrix
# rows: 10
# columns: 11
 -30220 -2068 0 0 0 0 0 0 0 0 0
 -1781 3000 1611 0 0 0 0 0 0 0 0
 1287 -2091 1278 838 0 0 0 0 0 0 0
 952 800 461 -395 234 0 0 0 0 0 0
 -216 359 262 -42 -160 -56 0 0 0 0 0
 43 64 15 -212 2 3 -112 0 0 0 0
 72 -57 1 14 -22 -2 13 -2 0 0 0
 14 6 -2 -13 -3 5 0 11 3 0 0
 8 10 2 -12 10 -1 0 3 1 -1 0
 -3 -3 2 -5 -1 6 4 1 0 3 -1



# name: <cell-element>
# type: matrix
# rows: 10
# columns: 11
 -30100 -2013 0 0 0 0 0 0 0 0 0
 -1902 3010 1632 0 0 0 0 0 0 0 0
 1276 -2144 1260 830 0 0 0 0 0 0 0
 946 791 438 -405 216 0 0 0 0 0 0
 -218 356 264 -59 -159 -49 0 0 0 0 0
 45 66 28 -198 1 6 -111 0 0 0 0
 71 -56 1 16 -14 0 12 -5 0 0 0
 14 6 -1 -12 -8 4 0 10 1 0 0
 7 10 2 -12 10 -1 -1 4 1 -2 0
 -3 -3 2 -5 -2 5 4 1 0 3 -1



# name: <cell-element>
# type: matrix
# rows: 10
# columns: 11
 -29992 -1956 0 0 0 0 0 0 0 0 0
 -1997 3027 1663 0 0 0 0 0 0 0 0
 1281 -2180 1251 833 0 0 0 0 0 0 0
 938 782 398 -419 199 0 0 0 0 0 0
 -218 357 261 -74 -162 -48 0 0 0 0 0
 48 66 42 -192 4 14 -108 0 0 0 0
 72 -59 2 21 -12 1 11 -2 0 0 0
 18 6 0 -11 -7 4 3 6 -1 0 0
 5 10 1 -12 9 -3 -1 7 2 -5 0
 -4 -4 2 -5 -2 5 3 1 2 3 0



